309, 292
237, 295
258, 306
361, 307
494, 279
448, 198
287, 294
238, 284
313, 292
468, 237
468, 237
468, 237
468, 237
468, 237
468, 237
331, 296
331, 296
331, 296
331, 296
331, 296
331, 296
331, 296
331, 296
331, 296
331, 296
331, 296
331, 296
331, 296
331, 296
331, 296
331, 296
331, 296
331, 296
331, 296
331, 296
331, 296
331, 296
331, 296
331, 296
331, 296
331, 296
331, 296
331, 296
331, 296
331, 296
331, 296
331, 296
331, 296
331, 296
331, 296
331, 296
331, 296
331, 296
331, 296
331, 296
331, 296
331, 296
331, 296
331, 296
331, 296
331, 296
331, 296
331, 296
331, 296
331, 296
331, 296
331, 296
331, 296
331, 296
331, 296
331, 296
331, 296
331, 296
331, 296
331, 296
331, 296
331, 296
331, 296
331, 296
331, 296
331, 296
331, 296
331, 296
331, 296
331, 296
331, 296
331, 296
331, 296
331, 296
331, 296
331, 296
331, 296
331, 296
331, 296
331, 296
331, 296
331, 296
331, 296
331, 296
331, 296
331, 296
331, 296
331, 296
331, 296
331, 296
331, 296
331, 296
331, 296
331, 296
331, 296
331, 296
331, 296
331, 296
331, 296
331, 296
331, 296
331, 296
331, 296
331, 296
331, 296
331, 296
331, 296
331, 296
331, 296
326, 293
326, 293
326, 293
326, 293
326, 293
326, 293
326, 293
326, 293
326, 293
326, 293
326, 293
326, 293
326, 293
326, 293
326, 293
326, 293
326, 293
326, 293
326, 293
326, 293
326, 293
326, 293
326, 293
326, 293
326, 293
326, 293